2964106
2964107
4032065
3285813
3285814
3285815
3285816
4032070
4032071
4032072
4032073
4032074
4032075
4032076
4032077
4032078
3285818
3285819
3285820
2964109
4032081
4032082
4032083
4032084
2964110
4032085
4032086
4032087
4032088
4032089
4032094
3285822
3285823
2964111
2964112
8236
3285824
2964113
2964114
2964115
1587673
1587674
3285825
2964116
1587675
1587676
1587677
2964117
4032095
4032096
4032097
4032098
4032099
4032100
4032101
4032102
2964118
4032103
4032104
4032105
4032106
4032107
4032108
4032109
4032110
4032111
4032112
4032113
4032114
1587678
1587679
2964123
3285832
4032126
4032127
4032128
1587686
1587687
1587688
1587689
4032129
4032130
4032131
4032132
4032133
4032134
4032135
2964126
2964127
2964128
2964129
4032136
8237
3285837
2964130
1587690
4032142
4032143
4032144
1587692
1587693
4032145
1587694
2964131
4032146
4032148
3285838
4032149
4032150
4032151
4032152
1587695
2964133
2964134
2964135
2964136
3285839
3285840
3285841
1587696
1587697
3285842
2964137
2964138
3285843
3285844
4032153
3285845
3285846
3285847
3285848
3285849
3285850
4032154
2964139
2964140
4032157
4032159
1587698
4032160
2964141
1587700
1587701
1587702
3285854
1587703
4032165
4032166
4032167
4032168
2964143
2964144
1587707
8238
271929
1587708
4032169
4032170
4032171
4032172
4032173
4032174
4032175
4032176
4032177
4032178
4032179
4032180
4032181
4032182
2964145
1587709
1587710
1587711
1587712
271930
4032183
4032184
4032185
4032186
4032187
4032188
3285856
3285857
3285858
4032189
3285859
4032190
1587714
1587715
271931
271932
271933
4032191
4032192
4032193
4032194
1587716
2964147
2964148
2964150
2964151
271934
4032195
4032196
4032197
1587717
4032198
4032199
1587718
271935
3285861
3285862
1587719
1587720
1587721
3285863
4032200
4032201
1587722
4032202
4032203
4032204
4032205
4032206
4032207
1587724
1587725
271936
4032208
4032209
3285864
4032211
2964152
2964158
2964159
8239
3285871
2964160
271942
3285874
3285875
2964161
2964163
2964164
2964165
4032228
4032229
4032230
4032232
4032233
2965093
272475
272476
272477
3286668
4034759
4034760
4034761
4034762
1588377
4034766
272478
1588378
1588379
4034767
4034768
4034769
4034772
3286669
1588380
2965094
4034773
272479
2965095
4034774
4034775
4034780
3286670
2965097
4034782
272480
4034783
272481
1588381
1588382
4034785
1588383
1588384
272482
272483
3286671
4034786
4034787
4034788
2965098
2965099
4034789
4034792
1588385
1588386
4034793
4034794
272484
3286673
3286674
3286676
3286677
3286678
2965102
2965103
2965104
2965105
2965106
2965107
2965109
2965110
4034795
4034796
4034797
4034804
4034805
1588388
1588389
1588390
1588391
1588392
2965111
4034806
10123
2965112
1588393
4034807
4034808
4034809
4034810
4034811
4034812
4034813
4034814
1588395
4034815
2965114
2965115
2965116
2965117
4034816
272485
3286679
2965118
1588396
272486
3286680
2965119
2965120
2965121
4034818
3286681
1588397
1588398
1588399
4034819
4034820
272487
4034826
3286683
3286684
3286685
1588401
1588402
272488
1588403
1588404
1588405
1588406
272489
272490
4034827
4034828
272491
4034829
4034830
4034831
4034832
4034833
2965122
2965123
3286686
3286687
3286688
1588407
1588408
2965124
2965125
2965126
2965127
2965128
2965129
3286689
272492
272493
1588409
4034834
4034835
4034836
4034837
4034838
4034839
4034840
4034841
4034842
4034843
1588410
1588411
1588412
3286690
3286691
272494
272495
1588414
1588415
4034844
4034845
4034846
4034847
4034848
2965130
2965132
2965133
3286693
3286694
1588416
1588417
1588418
1588436
2965167
272505
3286718
4034922
4034923
4034924
4034925
4034926
272506
4034928
272507
4034929
4034930
4034931
1588442
1588443
1588444
2965169
3286719
272508
272509
1588445
1588446
3286720
3286721
4034932
4034933
2965171
2965172
2965173
2965175
2965176
272510
4034934
2965177
272511
4034935
4034936
4034937
4034938
1588448
272512
3286723
3286724
4034939
4034940
2965179
2965180
2965181
3286726
3286727
3286728
4034942
1588449
3286729
3286730
272513
4034946
272514
1588450
1588451
272515
4034947
272516
272517
4034949
4034950
4034951
3286732
1588453
1588454
4034953
4034955
3286734
272518
4034958
4034959
272519
3286735
3286736
3286737
3286738
3286739
4034960
272520
272521
272524
272525
4034969
4034970
4034971
4034972
272526
272527
4034973
4034974
4034975
4034976
2965183
3286740
1588455
272528
272529
272530
3286742
3286743
2965185
2965186
2965187
2965188
2965189
4034981
4034982
4034988
1588456
272531
1588457
1588458
3286744
3286745
3286746
3286747
2965190
2965191
272532
272533
272534
272535
272536
4034990
4034991
4034992
4034993
4034994
4034995
3286749
3286750
3286751
4034997
2965192
2965193
272537
4034998
4034999
3286752
4035000
4035001
1588459
1588460
1588461
3286753
3286755
3286756
4035002
272538
4035004
4035005
4035007
4035010
4035012
4035013
4035014
2965194
2965196
1588462
1588463
1588464
272539
272540
272541
272542
272543
3286757
3286758
2965197
4035015
4035016
4035017
4035018
4035019
4035020
4035021
4035022
3286759
4035024
4035026
272544
4035027
4035028
4035029
4035030
3286760
3286761
4035031
4035033
3286762
4035034
2965210
272551
2965211
3286768
3286769
3286782
4035054
1588468
1588469
272552
272553
1588470
2965216
4035059
4035060
4035061
4035062
4035063
4035064
4035065
4035066
4035067
4035068
4035069
4035070
4035071
1588471
1588472
3286783
3286784
3286786
3286787
272554
4035072
4035074
272555
2965217
3286788
4035075
4035076
4035077
3286789
3286790
2965218
1588473
1588474
3286792
3286793
4035079
4035080
3286794
4035081
4035082
4035083
4035084
4035085
4035086
4035087
272556
272557
272558
272559
4035088
4035089
4035090
4035091
4035092
4035093
4035094
4035095
4035096
4035097
4035098
4035099
4035100
1588476
1588477
2965221
2965222
2965224
2965225
2965226
2965228
2965229
3286795
3286796
4035101
1588478
4035102
4035103
4035104
4035105
4035106
4035107
4035108
2965230
1588479
3286797
3286798
1588482
272562
2965233
272563
272564
2965234
2965235
2965236
1588483
272565
4035120
4035121
4035122
4035123
4035124
4035125
4035126
4035127
4035128
4035129
4035130
4035131
4035132
1588484
2965237
3286799
3286800
272566
272567
272568
3286801
4035138
4035139
4035140
4035141
4035142
4035143
4035144
4035145
4035146
4035147
4035148
4035149
4035150
2965238
1588485
3286803
3286804
3286805
272569
272570
272571
2965239
2965240
2965241
2965242
4035152
4035153
4035154
4035155
4035156
4035157
4035158
4035159
4035160
4035161
4035162
4035163
4035164
4035165
272572
4035166
4035167
272573
4035168
4035169
4035171
4035175
4035176
4035178
4035179
1588487
1588488
272574
272575
272576
2965243
2965244
2965245
2965246
2965248
2965250
3286806
3286807
3286808
3286812
3286813
4035181
4035184
4035186
1588489
1588490
1588491
1588492
1588494
2965251
2965252
4035188
4035189
4035190
4035191
4035192
4035193
2965253
2965254
2965255
3286814
